A0_Vm=-64.315794
A0_Na_h=0.507902
A0_Kd_m=0.358415
A1_Vm=-64.315792
A1_Na_h=0.507902
A1_Kd_m=0.358415
A2_Vm=-64.315789
A2_Na_h=0.507902
A2_Kd_m=0.358415
A3_Vm=-64.315787
A3_Na_h=0.507902
A3_Kd_m=0.358415
A4_Vm=-64.315786
A4_Na_h=0.507902
A4_Kd_m=0.358415
A5_Vm=-64.315786
A5_Na_h=0.507902
A5_Kd_m=0.358415
PA0_Vm=-64.315794
PA0_Na_h=0.507902
PA0_Kd_m=0.358415
PA1_Vm=-64.315792
PA1_Na_h=0.507902
PA1_Kd_m=0.358415
PA2_Vm=-64.315789
PA2_Na_h=0.507902
PA2_Kd_m=0.358415
PA3_Vm=-64.315787
PA3_Na_h=0.507902
PA3_Kd_m=0.358415
PA4_Vm=-64.315786
PA4_Na_h=0.507902
PA4_Kd_m=0.358415
PA5_Vm=-64.315786
PA5_Na_h=0.507902
PA5_Kd_m=0.358415
S_Vm=-64.315796
PS_Vm=-64.315796
D0_Vm=-64.315803
D1_Vm=-64.315813
D2_Vm=-64.315822
D3_Vm=-64.315828
D4_Vm=-64.315832
D5_Vm=-64.315834
PD0_Vm=-64.315803
PD1_Vm=-64.315813
PD2_Vm=-64.315822
PD3_Vm=-64.315828
PD4_Vm=-64.315832
PD5_Vm=-64.315834
